#NTuple/Z0
#Units are ns, meters, GeV/c, Tesla, and V/m
#IEVT IPNUM IPTYP IPFLG JSRG T X Y Z Px Py Pz Bx By Bz Weight Ex Ey Ez SARC POLx POLy POLz
0 1 2 0 1 0 0 0 0 0 0 0.1125 0 0 4.01152 1.0000 0 0 0 0   0 0 0
1 1 2 0 1 0 0 0 0 0 0 0.10924 0 0 4.01152 1.0000 0 0 0 0   0 0 0
2 1 2 0 1 0 0 0 0 0 0 0.11575 0 0 4.01152 1.0000 0 0 0 0   0 0 0
0 1 2 0 2 2.28806e-10 0 0 0.05 0 0 0.1125 0 0 4.0141 1.0000 0 0 0 0   0 0 0
1 1 2 0 2 2.32031e-10 0 0 0.05 0 0 0.10924 0 0 4.0141 1.0000 0 0 0 0   0 0 0
2 1 2 0 2 2.25818e-10 0 0 0.05 0 0 0.11575 0 0 4.0141 1.0000 0 0 0 0   0 0 0
0 1 2 0 3 4.57612e-10 0 0 0.1 0 0 0.1125 0 0 4.00443 1.0000 0 0 0 0   0 0 0
1 1 2 0 3 4.64062e-10 0 0 0.1 0 0 0.10924 0 0 4.00443 1.0000 0 0 0 0   0 0 0
2 1 2 0 3 4.51635e-10 0 0 0.1 0 0 0.11575 0 0 4.00443 1.0000 0 0 0 0   0 0 0
0 1 2 0 4 6.86418e-10 0 0 0.15 0 0 0.1125 0 0 3.98069 1.0000 0 0 0 0   0 0 0
1 1 2 0 4 6.96093e-10 0 0 0.15 0 0 0.10924 0 0 3.98069 1.0000 0 0 0 0   0 0 0
2 1 2 0 4 6.77453e-10 0 0 0.15 0 0 0.11575 0 0 3.98069 1.0000 0 0 0 0   0 0 0
0 1 2 0 5 9.15223e-10 0 0 0.2 0 0 0.1125 0 0 3.93902 1.0000 0 0 0 0   0 0 0
1 1 2 0 5 9.28124e-10 0 0 0.2 0 0 0.10924 0 0 3.93902 1.0000 0 0 0 0   0 0 0
2 1 2 0 5 9.03271e-10 0 0 0.2 0 0 0.11575 0 0 3.93902 1.0000 0 0 0 0   0 0 0
0 1 2 0 6 1.14403e-09 0 0 0.25 0 0 0.1125 0 0 3.8727 1.0000 0 0 0 0   0 0 0
1 1 2 0 6 1.16016e-09 0 0 0.25 0 0 0.10924 0 0 3.8727 1.0000 0 0 0 0   0 0 0
2 1 2 0 6 1.12909e-09 0 0 0.25 0 0 0.11575 0 0 3.8727 1.0000 0 0 0 0   0 0 0
0 1 2 0 7 1.37284e-09 0 0 0.3 0 0 0.1125 0 0 3.77069 1.0000 0 0 0 0   0 0 0
1 1 2 0 7 1.39219e-09 0 0 0.3 0 0 0.10924 0 0 3.77069 1.0000 0 0 0 0   0 0 0
2 1 2 0 7 1.35491e-09 0 0 0.3 0 0 0.11575 0 0 3.77069 1.0000 0 0 0 0   0 0 0
0 1 2 0 8 1.60164e-09 0 0 0.35 0 0 0.1125 0 0 3.61574 1.0000 0 0 0 0   0 0 0
1 1 2 0 8 1.62422e-09 0 0 0.35 0 0 0.10924 0 0 3.61574 1.0000 0 0 0 0   0 0 0
2 1 2 0 8 1.58072e-09 0 0 0.35 0 0 0.11575 0 0 3.61574 1.0000 0 0 0 0   0 0 0
0 1 2 0 9 1.83045e-09 0 0 0.4 0 0 0.1125 0 0 3.38368 1.0000 0 0 0 0   0 0 0
1 1 2 0 9 1.85625e-09 0 0 0.4 0 0 0.10924 0 0 3.38368 1.0000 0 0 0 0   0 0 0
2 1 2 0 9 1.80654e-09 0 0 0.4 0 0 0.11575 0 0 3.38368 1.0000 0 0 0 0   0 0 0
0 1 2 0 10 2.05925e-09 0 0 0.45 0 0 0.1125 0 0 3.05278 1.0000 0 0 0 0   0 0 0
1 1 2 0 10 2.08828e-09 0 0 0.45 0 0 0.10924 0 0 3.05278 1.0000 0 0 0 0   0 0 0
2 1 2 0 10 2.03236e-09 0 0 0.45 0 0 0.11575 0 0 3.05278 1.0000 0 0 0 0   0 0 0
0 1 2 0 11 2.28806e-09 0 0 0.5 0 0 0.1125 0 0 2.65107 1.0000 0 0 0 0   0 0 0
1 1 2 0 11 2.32031e-09 0 0 0.5 0 0 0.10924 0 0 2.65107 1.0000 0 0 0 0   0 0 0
2 1 2 0 11 2.25818e-09 0 0 0.5 0 0 0.11575 0 0 2.65107 1.0000 0 0 0 0   0 0 0
0 1 2 0 12 2.51686e-09 0 0 0.55 0 0 0.1125 0 0 2.31091 1.0000 0 0 0 0   0 0 0
1 1 2 0 12 2.55234e-09 0 0 0.55 0 0 0.10924 0 0 2.31091 1.0000 0 0 0 0   0 0 0
2 1 2 0 12 2.48399e-09 0 0 0.55 0 0 0.11575 0 0 2.31091 1.0000 0 0 0 0   0 0 0
0 1 2 0 13 2.74567e-09 0 0 0.6 0 0 0.1125 0 0 2.13859 1.0000 0 0 0 0   0 0 0
1 1 2 0 13 2.78437e-09 0 0 0.6 0 0 0.10924 0 0 2.13859 1.0000 0 0 0 0   0 0 0
2 1 2 0 13 2.70981e-09 0 0 0.6 0 0 0.11575 0 0 2.13859 1.0000 0 0 0 0   0 0 0
0 1 2 0 14 2.97448e-09 0 0 0.65 0 0 0.1125 0 0 2.08338 1.0000 0 0 0 0   0 0 0
1 1 2 0 14 3.0164e-09 0 0 0.65 0 0 0.10924 0 0 2.08338 1.0000 0 0 0 0   0 0 0
2 1 2 0 14 2.93563e-09 0 0 0.65 0 0 0.11575 0 0 2.08338 1.0000 0 0 0 0   0 0 0
0 1 2 0 15 3.20328e-09 0 0 0.7 0 0 0.1125 0 0 2.04842 1.0000 0 0 0 0   0 0 0
1 1 2 0 15 3.24843e-09 0 0 0.7 0 0 0.10924 0 0 2.04842 1.0000 0 0 0 0   0 0 0
2 1 2 0 15 3.16145e-09 0 0 0.7 0 0 0.11575 0 0 2.04842 1.0000 0 0 0 0   0 0 0
0 1 2 0 16 3.43209e-09 0 0 0.75 0 0 0.1125 0 0 1.99467 1.0000 0 0 0 0   0 0 0
1 1 2 0 16 3.48047e-09 0 0 0.75 0 0 0.10924 0 0 1.99467 1.0000 0 0 0 0   0 0 0
2 1 2 0 16 3.38727e-09 0 0 0.75 0 0 0.11575 0 0 1.99467 1.0000 0 0 0 0   0 0 0
0 1 2 0 17 3.66089e-09 0 0 0.8 0 0 0.1125 0 0 1.94898 1.0000 0 0 0 0   0 0 0
1 1 2 0 17 3.7125e-09 0 0 0.8 0 0 0.10924 0 0 1.94898 1.0000 0 0 0 0   0 0 0
2 1 2 0 17 3.61308e-09 0 0 0.8 0 0 0.11575 0 0 1.94898 1.0000 0 0 0 0   0 0 0
0 1 2 0 18 3.8897e-09 0 0 0.85 0 0 0.1125 0 0 1.99272 1.0000 0 0 0 0   0 0 0
1 1 2 0 18 3.94453e-09 0 0 0.85 0 0 0.10924 0 0 1.99272 1.0000 0 0 0 0   0 0 0
2 1 2 0 18 3.8389e-09 0 0 0.85 0 0 0.11575 0 0 1.99272 1.0000 0 0 0 0   0 0 0
0 1 2 0 19 4.11851e-09 0 0 0.9 0 0 0.1125 0 0 2.15903 1.0000 0 0 0 0   0 0 0
1 1 2 0 19 4.17656e-09 0 0 0.9 0 0 0.10924 0 0 2.15903 1.0000 0 0 0 0   0 0 0
2 1 2 0 19 4.06472e-09 0 0 0.9 0 0 0.11575 0 0 2.15903 1.0000 0 0 0 0   0 0 0
0 1 2 0 20 4.34731e-09 0 0 0.95 0 0 0.1125 0 0 2.33475 1.0000 0 0 0 0   0 0 0
1 1 2 0 20 4.40859e-09 0 0 0.95 0 0 0.10924 0 0 2.33475 1.0000 0 0 0 0   0 0 0
2 1 2 0 20 4.29054e-09 0 0 0.95 0 0 0.11575 0 0 2.33475 1.0000 0 0 0 0   0 0 0
0 1 2 0 21 4.57612e-09 0 0 1 0 0 0.1125 0 0 2.37339 1.0000 0 0 0 0   0 0 0
1 1 2 0 21 4.64062e-09 0 0 1 0 0 0.10924 0 0 2.37339 1.0000 0 0 0 0   0 0 0
2 1 2 0 21 4.51635e-09 0 0 1 0 0 0.11575 0 0 2.37339 1.0000 0 0 0 0   0 0 0
0 1 2 0 22 4.80492e-09 0 0 1.05 0 0 0.1125 0 0 2.21794 1.0000 0 0 0 0   0 0 0
1 1 2 0 22 4.87265e-09 0 0 1.05 0 0 0.10924 0 0 2.21794 1.0000 0 0 0 0   0 0 0
2 1 2 0 22 4.74217e-09 0 0 1.05 0 0 0.11575 0 0 2.21794 1.0000 0 0 0 0   0 0 0
0 1 2 0 23 5.03373e-09 0 0 1.1 0 0 0.1125 0 0 1.90544 1.0000 0 0 0 0   0 0 0
1 1 2 0 23 5.10468e-09 0 0 1.1 0 0 0.10924 0 0 1.90544 1.0000 0 0 0 0   0 0 0
2 1 2 0 23 4.96799e-09 0 0 1.1 0 0 0.11575 0 0 1.90544 1.0000 0 0 0 0   0 0 0
0 1 2 0 24 5.26253e-09 0 0 1.15 0 0 0.1125 0 0 1.56801 1.0000 0 0 0 0   0 0 0
1 1 2 0 24 5.33671e-09 0 0 1.15 0 0 0.10924 0 0 1.56801 1.0000 0 0 0 0   0 0 0
2 1 2 0 24 5.19381e-09 0 0 1.15 0 0 0.11575 0 0 1.56801 1.0000 0 0 0 0   0 0 0
0 1 2 0 25 5.49134e-09 0 0 1.2 0 0 0.1125 0 0 1.33334 1.0000 0 0 0 0   0 0 0
1 1 2 0 25 5.56874e-09 0 0 1.2 0 0 0.10924 0 0 1.33334 1.0000 0 0 0 0   0 0 0
2 1 2 0 25 5.41962e-09 0 0 1.2 0 0 0.11575 0 0 1.33334 1.0000 0 0 0 0   0 0 0
0 1 2 0 26 5.72015e-09 0 0 1.25 0 0 0.1125 0 0 1.23639 1.0000 0 0 0 0   0 0 0
1 1 2 0 26 5.80078e-09 0 0 1.25 0 0 0.10924 0 0 1.23639 1.0000 0 0 0 0   0 0 0
2 1 2 0 26 5.64544e-09 0 0 1.25 0 0 0.11575 0 0 1.23639 1.0000 0 0 0 0   0 0 0
0 1 2 0 27 5.94895e-09 0 0 1.3 0 0 0.1125 0 0 1.27146 1.0000 0 0 0 0   0 0 0
1 1 2 0 27 6.03281e-09 0 0 1.3 0 0 0.10924 0 0 1.27146 1.0000 0 0 0 0   0 0 0
2 1 2 0 27 5.87126e-09 0 0 1.3 0 0 0.11575 0 0 1.27146 1.0000 0 0 0 0   0 0 0
0 1 2 0 28 6.17776e-09 0 0 1.35 0 0 0.1125 0 0 1.44463 1.0000 0 0 0 0   0 0 0
1 1 2 0 28 6.26484e-09 0 0 1.35 0 0 0.10924 0 0 1.44463 1.0000 0 0 0 0   0 0 0
2 1 2 0 28 6.09708e-09 0 0 1.35 0 0 0.11575 0 0 1.44463 1.0000 0 0 0 0   0 0 0
0 1 2 0 29 6.40656e-09 0 0 1.4 0 0 0.1125 0 0 1.78459 1.0000 0 0 0 0   0 0 0
1 1 2 0 29 6.49687e-09 0 0 1.4 0 0 0.10924 0 0 1.78459 1.0000 0 0 0 0   0 0 0
2 1 2 0 29 6.3229e-09 0 0 1.4 0 0 0.11575 0 0 1.78459 1.0000 0 0 0 0   0 0 0
0 1 2 0 30 6.63537e-09 0 0 1.45 0 0 0.1125 0 0 2.32851 1.0000 0 0 0 0   0 0 0
1 1 2 0 30 6.7289e-09 0 0 1.45 0 0 0.10924 0 0 2.32851 1.0000 0 0 0 0   0 0 0
2 1 2 0 30 6.54871e-09 0 0 1.45 0 0 0.11575 0 0 2.32851 1.0000 0 0 0 0   0 0 0
0 1 2 0 31 6.86418e-09 0 0 1.5 0 0 0.1125 0 0 3.04862 1.0000 0 0 0 0   0 0 0
1 1 2 0 31 6.96093e-09 0 0 1.5 0 0 0.10924 0 0 3.04862 1.0000 0 0 0 0   0 0 0
2 1 2 0 31 6.77453e-09 0 0 1.5 0 0 0.11575 0 0 3.04862 1.0000 0 0 0 0   0 0 0
0 1 2 0 32 7.09298e-09 0 0 1.55 0 0 0.1125 0 0 3.77995 1.0000 0 0 0 0   0 0 0
1 1 2 0 32 7.19296e-09 0 0 1.55 0 0 0.10924 0 0 3.77995 1.0000 0 0 0 0   0 0 0
2 1 2 0 32 7.00035e-09 0 0 1.55 0 0 0.11575 0 0 3.77995 1.0000 0 0 0 0   0 0 0
0 1 2 0 33 7.32179e-09 0 0 1.6 0 0 0.1125 0 0 4.39987 1.0000 0 0 0 0   0 0 0
1 1 2 0 33 7.42499e-09 0 0 1.6 0 0 0.10924 0 0 4.39987 1.0000 0 0 0 0   0 0 0
2 1 2 0 33 7.22617e-09 0 0 1.6 0 0 0.11575 0 0 4.39987 1.0000 0 0 0 0   0 0 0
0 1 2 0 34 7.55059e-09 0 0 1.65 0 0 0.1125 0 0 5.07624 1.0000 0 0 0 0   0 0 0
1 1 2 0 34 7.65702e-09 0 0 1.65 0 0 0.10924 0 0 5.07624 1.0000 0 0 0 0   0 0 0
2 1 2 0 34 7.45198e-09 0 0 1.65 0 0 0.11575 0 0 5.07624 1.0000 0 0 0 0   0 0 0
0 1 2 0 35 7.7794e-09 0 0 1.7 0 0 0.1125 0 0 6.58958 1.0000 0 0 0 0   0 0 0
1 1 2 0 35 7.88905e-09 0 0 1.7 0 0 0.10924 0 0 6.58958 1.0000 0 0 0 0   0 0 0
2 1 2 0 35 7.6778e-09 0 0 1.7 0 0 0.11575 0 0 6.58958 1.0000 0 0 0 0   0 0 0
0 1 2 0 36 8.0082e-09 0 0 1.75 0 0 0.1125 0 0 11.2771 1.0000 0 0 0 0   0 0 0
1 1 2 0 36 8.12109e-09 0 0 1.75 0 0 0.10924 0 0 11.2771 1.0000 0 0 0 0   0 0 0
2 1 2 0 36 7.90362e-09 0 0 1.75 0 0 0.11575 0 0 11.2771 1.0000 0 0 0 0   0 0 0
0 1 2 0 37 8.23701e-09 0 0 1.8 0 0 0.1125 0 0 25.1073 1.0000 0 0 0 0   0 0 0
1 1 2 0 37 8.35312e-09 0 0 1.8 0 0 0.10924 0 0 25.1073 1.0000 0 0 0 0   0 0 0
2 1 2 0 37 8.12944e-09 0 0 1.8 0 0 0.11575 0 0 25.1073 1.0000 0 0 0 0   0 0 0
0 1 2 0 38 8.46582e-09 0 0 1.85 0 0 0.1125 0 0 37.5143 1.0000 0 0 0 0   0 0 0
1 1 2 0 38 8.58515e-09 0 0 1.85 0 0 0.10924 0 0 37.5143 1.0000 0 0 0 0   0 0 0
2 1 2 0 38 8.35526e-09 0 0 1.85 0 0 0.11575 0 0 37.5143 1.0000 0 0 0 0   0 0 0
0 1 2 0 39 8.69462e-09 0 0 1.9 0 0 0.1125 0 0 40.0133 1.0000 0 0 0 0   0 0 0
1 1 2 0 39 8.81718e-09 0 0 1.9 0 0 0.10924 0 0 40.0133 1.0000 0 0 0 0   0 0 0
2 1 2 0 39 8.58107e-09 0 0 1.9 0 0 0.11575 0 0 40.0133 1.0000 0 0 0 0   0 0 0
0 1 2 0 40 8.92343e-09 0 0 1.95 0 0 0.110956 0 0 40.2498 1.0000 0 0 0 0   0 0 0
1 1 2 0 40 9.04921e-09 0 0 1.95 0 0 0.107636 0 0 40.2498 1.0000 0 0 0 0   0 0 0
2 1 2 0 40 8.80689e-09 0 0 1.95 0 0 0.114257 0 0 40.2498 1.0000 0 0 0 0   0 0 0
0 1 2 0 41 9.15386e-09 0 0 2 0 0 0.109142 0 0 40.2761 1.0000 0 0 0 0   0 0 0
1 1 2 0 41 9.28307e-09 0 0 2 0 0 0.105747 0 0 40.2761 1.0000 0 0 0 0   0 0 0
2 1 2 0 41 9.03417e-09 0 0 2 0 0 0.112508 0 0 40.2761 1.0000 0 0 0 0   0 0 0
0 1 2 0 42 9.38613e-09 0 0 2.05 0 0 0.107289 0 0 40.2818 1.0000 0 0 0 0   0 0 0
1 1 2 0 42 9.51899e-09 0 0 2.05 0 0 0.103808 0 0 40.2818 1.0000 0 0 0 0   0 0 0
2 1 2 0 42 9.26309e-09 0 0 2.05 0 0 0.110727 0 0 40.2818 1.0000 0 0 0 0   0 0 0
0 1 2 0 43 9.62036e-09 0 0 2.1 0 0 0.105391 0 0 40.2768 1.0000 0 0 0 0   0 0 0
1 1 2 0 43 9.75714e-09 0 0 2.1 0 0 0.101816 0 0 40.2768 1.0000 0 0 0 0   0 0 0
2 1 2 0 43 9.49376e-09 0 0 2.1 0 0 0.108909 0 0 40.2768 1.0000 0 0 0 0   0 0 0
0 1 2 0 44 9.85669e-09 0 0 2.15 0 0 0.103443 0 0 40.2734 1.0000 0 0 0 0   0 0 0
1 1 2 0 44 9.99767e-09 0 0 2.15 0 0 0.0997645 0 0 40.2734 1.0000 0 0 0 0   0 0 0
2 1 2 0 44 9.72627e-09 0 0 2.15 0 0 0.10705 0 0 40.2734 1.0000 0 0 0 0   0 0 0
0 1 2 0 45 1.00953e-08 0 0 2.2 0 0 0.10144 0 0 40.2678 1.0000 0 0 0 0   0 0 0
1 1 2 0 45 1.02408e-08 0 0 2.2 0 0 0.097649 0 0 40.2678 1.0000 0 0 0 0   0 0 0
2 1 2 0 45 9.96076e-09 0 0 2.2 0 0 0.105145 0 0 40.2678 1.0000 0 0 0 0   0 0 0
0 1 2 0 46 1.03363e-08 0 0 2.25 0 0 0.0993767 0 0 40.2575 1.0000 0 0 0 0   0 0 0
1 1 2 0 46 1.04867e-08 0 0 2.25 0 0 0.0954652 0 0 40.2575 1.0000 0 0 0 0   0 0 0
2 1 2 0 46 1.01974e-08 0 0 2.25 0 0 0.103191 0 0 40.2575 1.0000 0 0 0 0   0 0 0
0 1 2 0 47 1.05799e-08 0 0 2.3 0 0 0.0972488 0 0 40.2435 1.0000 0 0 0 0   0 0 0
1 1 2 0 47 1.07358e-08 0 0 2.3 0 0 0.0932072 0 0 40.2435 1.0000 0 0 0 0   0 0 0
2 1 2 0 47 1.04362e-08 0 0 2.3 0 0 0.10118 0 0 40.2435 1.0000 0 0 0 0   0 0 0
0 1 2 0 48 1.08264e-08 0 0 2.35 0 0 0.0950518 0 0 40.2277 1.0000 0 0 0 0   0 0 0
1 1 2 0 48 1.09881e-08 0 0 2.35 0 0 0.0908647 0 0 40.2277 1.0000 0 0 0 0   0 0 0
2 1 2 0 48 1.06776e-08 0 0 2.35 0 0 0.0991093 0 0 40.2277 1.0000 0 0 0 0   0 0 0
0 1 2 0 49 1.1076e-08 0 0 2.4 0 0 0.092779 0 0 40.1949 1.0000 0 0 0 0   0 0 0
1 1 2 0 49 1.12442e-08 0 0 2.4 0 0 0.0884233 0 0 40.1949 1.0000 0 0 0 0   0 0 0
2 1 2 0 49 1.09215e-08 0 0 2.4 0 0 0.0969728 0 0 40.1949 1.0000 0 0 0 0   0 0 0
0 1 2 0 50 1.1329e-08 0 0 2.45 0 0 0.0904193 0 0 40.1314 1.0000 0 0 0 0   0 0 0
1 1 2 0 50 1.15044e-08 0 0 2.45 0 0 0.085865 0 0 40.1314 1.0000 0 0 0 0   0 0 0
2 1 2 0 50 1.11684e-08 0 0 2.45 0 0 0.0947666 0 0 40.1314 1.0000 0 0 0 0   0 0 0
0 1 2 0 51 1.15888e-08 0 0 2.5 0 0 0.0882948 0 0 39.8371 1.0000 0 0 0 0   0 0 0
1 1 2 0 51 1.17729e-08 0 0 2.5 0 0 0.0835422 0 0 39.8371 1.0000 0 0 0 0   0 0 0
2 1 2 0 51 1.14209e-08 0 0 2.5 0 0 0.0927925 0 0 39.8371 1.0000 0 0 0 0   0 0 0
0 1 2 0 52 1.18489e-08 0 0 2.55 0 0 0.0882948 0 0 37.2599 1.0000 0 0 0 0   0 0 0
1 1 2 0 52 1.20418e-08 0 0 2.55 0 0 0.0835422 0 0 37.2599 1.0000 0 0 0 0   0 0 0
2 1 2 0 52 1.16737e-08 0 0 2.55 0 0 0.0927925 0 0 37.2599 1.0000 0 0 0 0   0 0 0
0 1 2 0 53 1.2109e-08 0 0 2.6 0 0 0.0882948 0 0 24.7357 1.0000 0 0 0 0   0 0 0
1 1 2 0 53 1.23107e-08 0 0 2.6 0 0 0.0835422 0 0 24.7357 1.0000 0 0 0 0   0 0 0
2 1 2 0 53 1.19264e-08 0 0 2.6 0 0 0.0927925 0 0 24.7357 1.0000 0 0 0 0   0 0 0
0 1 2 0 54 1.23691e-08 0 0 2.65 0 0 0.0882948 0 0 10.7508 1.0000 0 0 0 0   0 0 0
1 1 2 0 54 1.25796e-08 0 0 2.65 0 0 0.0835422 0 0 10.7508 1.0000 0 0 0 0   0 0 0
2 1 2 0 54 1.21792e-08 0 0 2.65 0 0 0.0927925 0 0 10.7508 1.0000 0 0 0 0   0 0 0
0 1 2 0 55 1.26292e-08 0 0 2.7 0 0 0.0882948 0 0 5.84762 1.0000 0 0 0 0   0 0 0
1 1 2 0 55 1.28485e-08 0 0 2.7 0 0 0.0835422 0 0 5.84762 1.0000 0 0 0 0   0 0 0
2 1 2 0 55 1.24319e-08 0 0 2.7 0 0 0.0927925 0 0 5.84762 1.0000 0 0 0 0   0 0 0
0 1 2 0 56 1.28893e-08 0 0 2.75 0 0 0.0882948 0 0 4.16791 1.0000 0 0 0 0   0 0 0
1 1 2 0 56 1.31174e-08 0 0 2.75 0 0 0.0835422 0 0 4.16791 1.0000 0 0 0 0   0 0 0
2 1 2 0 56 1.26847e-08 0 0 2.75 0 0 0.0927925 0 0 4.16791 1.0000 0 0 0 0   0 0 0
0 1 2 0 57 1.31494e-08 0 0 2.8 0 0 0.0882948 0 0 3.44491 1.0000 0 0 0 0   0 0 0
1 1 2 0 57 1.33863e-08 0 0 2.8 0 0 0.0835422 0 0 3.44491 1.0000 0 0 0 0   0 0 0
2 1 2 0 57 1.29374e-08 0 0 2.8 0 0 0.0927925 0 0 3.44491 1.0000 0 0 0 0   0 0 0
0 1 2 0 58 1.34095e-08 0 0 2.85 0 0 0.0882948 0 0 2.92405 1.0000 0 0 0 0   0 0 0
1 1 2 0 58 1.36553e-08 0 0 2.85 0 0 0.0835422 0 0 2.92405 1.0000 0 0 0 0   0 0 0
2 1 2 0 58 1.31901e-08 0 0 2.85 0 0 0.0927925 0 0 2.92405 1.0000 0 0 0 0   0 0 0
0 1 2 0 59 1.36696e-08 0 0 2.9 0 0 0.0882948 0 0 2.41799 1.0000 0 0 0 0   0 0 0
1 1 2 0 59 1.39242e-08 0 0 2.9 0 0 0.0835422 0 0 2.41799 1.0000 0 0 0 0   0 0 0
2 1 2 0 59 1.34429e-08 0 0 2.9 0 0 0.0927925 0 0 2.41799 1.0000 0 0 0 0   0 0 0
0 1 2 0 60 1.39297e-08 0 0 2.95 0 0 0.0882948 0 0 1.97887 1.0000 0 0 0 0   0 0 0
1 1 2 0 60 1.41931e-08 0 0 2.95 0 0 0.0835422 0 0 1.97887 1.0000 0 0 0 0   0 0 0
2 1 2 0 60 1.36956e-08 0 0 2.95 0 0 0.0927925 0 0 1.97887 1.0000 0 0 0 0   0 0 0
0 1 2 0 61 1.41898e-08 0 0 3 0 0 0.0882948 0 0 1.69247 1.0000 0 0 0 0   0 0 0
1 1 2 0 61 1.4462e-08 0 0 3 0 0 0.0835422 0 0 1.69247 1.0000 0 0 0 0   0 0 0
2 1 2 0 61 1.39484e-08 0 0 3 0 0 0.0927925 0 0 1.69247 1.0000 0 0 0 0   0 0 0
0 1 2 0 62 1.44499e-08 0 0 3.05 0 0 0.0882948 0 0 1.53408 1.0000 0 0 0 0   0 0 0
1 1 2 0 62 1.47309e-08 0 0 3.05 0 0 0.0835422 0 0 1.53408 1.0000 0 0 0 0   0 0 0
2 1 2 0 62 1.42011e-08 0 0 3.05 0 0 0.0927925 0 0 1.53408 1.0000 0 0 0 0   0 0 0
0 1 2 0 63 1.471e-08 0 0 3.1 0 0 0.0882948 0 0 1.43747 1.0000 0 0 0 0   0 0 0
1 1 2 0 63 1.49998e-08 0 0 3.1 0 0 0.0835422 0 0 1.43747 1.0000 0 0 0 0   0 0 0
2 1 2 0 63 1.44539e-08 0 0 3.1 0 0 0.0927925 0 0 1.43747 1.0000 0 0 0 0   0 0 0
0 1 2 0 64 1.497e-08 0 0 3.15 0 0 0.0882948 0 0 1.36876 1.0000 0 0 0 0   0 0 0
1 1 2 0 64 1.52687e-08 0 0 3.15 0 0 0.0835422 0 0 1.36876 1.0000 0 0 0 0   0 0 0
2 1 2 0 64 1.47066e-08 0 0 3.15 0 0 0.0927925 0 0 1.36876 1.0000 0 0 0 0   0 0 0
0 1 2 0 65 1.52301e-08 0 0 3.2 0 0 0.0882948 0 0 1.33416 1.0000 0 0 0 0   0 0 0
1 1 2 0 65 1.55376e-08 0 0 3.2 0 0 0.0835422 0 0 1.33416 1.0000 0 0 0 0   0 0 0
2 1 2 0 65 1.49594e-08 0 0 3.2 0 0 0.0927925 0 0 1.33416 1.0000 0 0 0 0   0 0 0
0 1 2 0 66 1.54902e-08 0 0 3.25 0 0 0.0882948 0 0 1.37387 1.0000 0 0 0 0   0 0 0
1 1 2 0 66 1.58065e-08 0 0 3.25 0 0 0.0835422 0 0 1.37387 1.0000 0 0 0 0   0 0 0
2 1 2 0 66 1.52121e-08 0 0 3.25 0 0 0.0927925 0 0 1.37387 1.0000 0 0 0 0   0 0 0
0 1 2 0 67 1.57503e-08 0 0 3.3 0 0 0.0882948 0 0 1.5017 1.0000 0 0 0 0   0 0 0
1 1 2 0 67 1.60754e-08 0 0 3.3 0 0 0.0835422 0 0 1.5017 1.0000 0 0 0 0   0 0 0
2 1 2 0 67 1.54649e-08 0 0 3.3 0 0 0.0927925 0 0 1.5017 1.0000 0 0 0 0   0 0 0
0 1 2 0 68 1.60104e-08 0 0 3.35 0 0 0.0882948 0 0 1.64857 1.0000 0 0 0 0   0 0 0
1 1 2 0 68 1.63443e-08 0 0 3.35 0 0 0.0835422 0 0 1.64857 1.0000 0 0 0 0   0 0 0
2 1 2 0 68 1.57176e-08 0 0 3.35 0 0 0.0927925 0 0 1.64857 1.0000 0 0 0 0   0 0 0
0 1 2 0 69 1.62705e-08 0 0 3.4 0 0 0.0882948 0 0 1.73027 1.0000 0 0 0 0   0 0 0
1 1 2 0 69 1.66132e-08 0 0 3.4 0 0 0.0835422 0 0 1.73027 1.0000 0 0 0 0   0 0 0
2 1 2 0 69 1.59704e-08 0 0 3.4 0 0 0.0927925 0 0 1.73027 1.0000 0 0 0 0   0 0 0
0 1 2 0 70 1.65306e-08 0 0 3.45 0 0 0.0882948 0 0 1.7219 1.0000 0 0 0 0   0 0 0
1 1 2 0 70 1.68821e-08 0 0 3.45 0 0 0.0835422 0 0 1.7219 1.0000 0 0 0 0   0 0 0
2 1 2 0 70 1.62231e-08 0 0 3.45 0 0 0.0927925 0 0 1.7219 1.0000 0 0 0 0   0 0 0
0 1 2 0 71 1.67907e-08 0 0 3.5 0 0 0.0882948 0 0 1.66023 1.0000 0 0 0 0   0 0 0
1 1 2 0 71 1.7151e-08 0 0 3.5 0 0 0.0835422 0 0 1.66023 1.0000 0 0 0 0   0 0 0
2 1 2 0 71 1.64759e-08 0 0 3.5 0 0 0.0927925 0 0 1.66023 1.0000 0 0 0 0   0 0 0
0 1 2 0 72 1.70508e-08 0 0 3.55 0 0 0.0882948 0 0 1.63847 1.0000 0 0 0 0   0 0 0
1 1 2 0 72 1.74199e-08 0 0 3.55 0 0 0.0835422 0 0 1.63847 1.0000 0 0 0 0   0 0 0
2 1 2 0 72 1.67286e-08 0 0 3.55 0 0 0.0927925 0 0 1.63847 1.0000 0 0 0 0   0 0 0
0 1 2 0 73 1.73109e-08 0 0 3.6 0 0 0.0882948 0 0 1.71945 1.0000 0 0 0 0   0 0 0
1 1 2 0 73 1.76888e-08 0 0 3.6 0 0 0.0835422 0 0 1.71945 1.0000 0 0 0 0   0 0 0
2 1 2 0 73 1.69813e-08 0 0 3.6 0 0 0.0927925 0 0 1.71945 1.0000 0 0 0 0   0 0 0
0 1 2 0 74 1.7571e-08 0 0 3.65 0 0 0.0882948 0 0 1.85479 1.0000 0 0 0 0   0 0 0
1 1 2 0 74 1.79577e-08 0 0 3.65 0 0 0.0835422 0 0 1.85479 1.0000 0 0 0 0   0 0 0
2 1 2 0 74 1.72341e-08 0 0 3.65 0 0 0.0927925 0 0 1.85479 1.0000 0 0 0 0   0 0 0
0 1 2 0 75 1.78311e-08 0 0 3.7 0 0 0.0882948 0 0 1.96692 1.0000 0 0 0 0   0 0 0
1 1 2 0 75 1.82266e-08 0 0 3.7 0 0 0.0835422 0 0 1.96692 1.0000 0 0 0 0   0 0 0
2 1 2 0 75 1.74868e-08 0 0 3.7 0 0 0.0927925 0 0 1.96692 1.0000 0 0 0 0   0 0 0
0 1 2 0 76 1.80912e-08 0 0 3.75 0 0 0.0882948 0 0 2.03682 1.0000 0 0 0 0   0 0 0
1 1 2 0 76 1.84955e-08 0 0 3.75 0 0 0.0835422 0 0 2.03682 1.0000 0 0 0 0   0 0 0
2 1 2 0 76 1.77396e-08 0 0 3.75 0 0 0.0927925 0 0 2.03682 1.0000 0 0 0 0   0 0 0
0 1 2 0 77 1.83513e-08 0 0 3.8 0 0 0.0882948 0 0 2.11087 1.0000 0 0 0 0   0 0 0
1 1 2 0 77 1.87644e-08 0 0 3.8 0 0 0.0835422 0 0 2.11087 1.0000 0 0 0 0   0 0 0
2 1 2 0 77 1.79923e-08 0 0 3.8 0 0 0.0927925 0 0 2.11087 1.0000 0 0 0 0   0 0 0
0 1 2 0 78 1.86114e-08 0 0 3.85 0 0 0.0882948 0 0 2.29123 1.0000 0 0 0 0   0 0 0
1 1 2 0 78 1.90333e-08 0 0 3.85 0 0 0.0835422 0 0 2.29123 1.0000 0 0 0 0   0 0 0
2 1 2 0 78 1.82451e-08 0 0 3.85 0 0 0.0927925 0 0 2.29123 1.0000 0 0 0 0   0 0 0
0 1 2 0 79 1.88714e-08 0 0 3.9 0 0 0.0882948 0 0 2.6302 1.0000 0 0 0 0   0 0 0
1 1 2 0 79 1.93022e-08 0 0 3.9 0 0 0.0835422 0 0 2.6302 1.0000 0 0 0 0   0 0 0
2 1 2 0 79 1.84978e-08 0 0 3.9 0 0 0.0927925 0 0 2.6302 1.0000 0 0 0 0   0 0 0
0 1 2 0 80 1.91315e-08 0 0 3.95 0 0 0.0882948 0 0 3.02969 1.0000 0 0 0 0   0 0 0
1 1 2 0 80 1.95711e-08 0 0 3.95 0 0 0.0835422 0 0 3.02969 1.0000 0 0 0 0   0 0 0
2 1 2 0 80 1.87506e-08 0 0 3.95 0 0 0.0927925 0 0 3.02969 1.0000 0 0 0 0   0 0 0
0 1 2 0 81 1.93916e-08 0 0 4 0 0 0.0882948 0 0 3.36375 1.0000 0 0 0 0   0 0 0
1 1 2 0 81 1.98401e-08 0 0 4 0 0 0.0835422 0 0 3.36375 1.0000 0 0 0 0   0 0 0
2 1 2 0 81 1.90033e-08 0 0 4 0 0 0.0927925 0 0 3.36375 1.0000 0 0 0 0   0 0 0
0 1 2 0 82 1.96517e-08 0 0 4.05 0 0 0.0882948 0 0 3.60023 1.0000 0 0 0 0   0 0 0
1 1 2 0 82 2.0109e-08 0 0 4.05 0 0 0.0835422 0 0 3.60023 1.0000 0 0 0 0   0 0 0
2 1 2 0 82 1.92561e-08 0 0 4.05 0 0 0.0927925 0 0 3.60023 1.0000 0 0 0 0   0 0 0
0 1 2 0 83 1.99118e-08 0 0 4.1 0 0 0.0882948 0 0 3.7587 1.0000 0 0 0 0   0 0 0
1 1 2 0 83 2.03779e-08 0 0 4.1 0 0 0.0835422 0 0 3.7587 1.0000 0 0 0 0   0 0 0
2 1 2 0 83 1.95088e-08 0 0 4.1 0 0 0.0927925 0 0 3.7587 1.0000 0 0 0 0   0 0 0
0 1 2 0 84 2.01719e-08 0 0 4.15 0 0 0.0882948 0 0 3.86327 1.0000 0 0 0 0   0 0 0
1 1 2 0 84 2.06468e-08 0 0 4.15 0 0 0.0835422 0 0 3.86327 1.0000 0 0 0 0   0 0 0
2 1 2 0 84 1.97616e-08 0 0 4.15 0 0 0.0927925 0 0 3.86327 1.0000 0 0 0 0   0 0 0
0 1 2 0 85 2.0432e-08 0 0 4.2 0 0 0.0882948 0 0 3.93146 1.0000 0 0 0 0   0 0 0
1 1 2 0 85 2.09157e-08 0 0 4.2 0 0 0.0835422 0 0 3.93146 1.0000 0 0 0 0   0 0 0
2 1 2 0 85 2.00143e-08 0 0 4.2 0 0 0.0927925 0 0 3.93146 1.0000 0 0 0 0   0 0 0
0 1 2 0 86 2.06921e-08 0 0 4.25 0 0 0.0882948 0 0 3.97452 1.0000 0 0 0 0   0 0 0
1 1 2 0 86 2.11846e-08 0 0 4.25 0 0 0.0835422 0 0 3.97452 1.0000 0 0 0 0   0 0 0
2 1 2 0 86 2.0267e-08 0 0 4.25 0 0 0.0927925 0 0 3.97452 1.0000 0 0 0 0   0 0 0
0 1 2 0 87 2.09522e-08 0 0 4.3 0 0 0.0882948 0 0 3.99936 1.0000 0 0 0 0   0 0 0
1 1 2 0 87 2.14535e-08 0 0 4.3 0 0 0.0835422 0 0 3.99936 1.0000 0 0 0 0   0 0 0
2 1 2 0 87 2.05198e-08 0 0 4.3 0 0 0.0927925 0 0 3.99936 1.0000 0 0 0 0   0 0 0
0 1 2 0 88 2.12123e-08 0 0 4.35 0 0 0.0882948 0 0 4.0099 1.0000 0 0 0 0   0 0 0
1 1 2 0 88 2.17224e-08 0 0 4.35 0 0 0.0835422 0 0 4.0099 1.0000 0 0 0 0   0 0 0
2 1 2 0 88 2.07725e-08 0 0 4.35 0 0 0.0927925 0 0 4.0099 1.0000 0 0 0 0   0 0 0
0 1 2 0 89 2.14724e-08 0 0 4.4 0 0 0.0882948 0 0 4.00802 1.0000 0 0 0 0   0 0 0
1 1 2 0 89 2.19913e-08 0 0 4.4 0 0 0.0835422 0 0 4.00802 1.0000 0 0 0 0   0 0 0
2 1 2 0 89 2.10253e-08 0 0 4.4 0 0 0.0927925 0 0 4.00802 1.0000 0 0 0 0   0 0 0
